28 0.37362500000000004 0.19285714285714284 0.082875 0.12519906323185012
28 0.19790625 0.06928571428571428 0.35384375 0.130327868852459
57 0.4494609375 0.6399531615925058 0.029765625000000004 0.0594847775175644
57 0.44391406250000004 0.550175644028103 0.033203125 0.044379391100702575
57 0.44107031249999995 0.5787939110070257 0.029546875 0.03299765807962529
57 0.35252343750000004 0.5001288056206089 0.039046875 0.010562060889929743
1 0.71796875 0.543559718969555 0.2265625 0.7540983606557377
1 0.7815000000000001 0.23213114754098363 0.01828125 0.037845433255269324
1 0.466328125 0.3168618266978923 0.050249999999999996 0.22721311475409836
1 0.8928437499999999 0.32351288056206084 0.14140625 0.44028103044496486
1 0.7995937500000001 0.2900702576112412 0.06321875 0.19985948477751758
1 0.7573906250000001 0.24473067915690866 0.02140625 0.07822014051522248
1 0.5217578125000001 0.35392271662763464 0.07795312500000001 0.3483138173302108
1 0.15892968750000003 0.41460187353629974 0.09295312500000001 0.33932084309133487
1 0.5729140625 0.35496487119437936 0.043984375 0.0722248243559719
1 0.0986328125 0.26982435597189697 0.034203125 0.07903981264637003
1 0.07367968750000001 0.24806791569086653 0.021796875 0.052810304449648716
1 0.0701875 0.4298126463700234 0.1300625 0.291615925058548
28 0.21588281250000005 0.1782903981264637 0.15560937500000002 0.16126463700234192
57 0.46208593750000004 0.524695550351288 0.012328125 0.015105386416861826
57 0.47155468749999996 0.6471545667447308 0.023296875 0.015433255269320843
57 0.4058828125 0.7233372365339579 0.046140625000000005 0.07163934426229508
57 0.4556796875 0.5910070257611242 0.038421875 0.032177985948477754
57 0.3911484375 0.5288524590163934 0.052578125 0.026276346604215458
57 0.33959375 0.6100819672131147 0.039218750000000004 0.05426229508196722
57 0.44315625000000003 0.6088407494145198 0.04050000000000001 0.027939110070257612
57 0.3285 0.6657377049180327 0.01890625 0.08557377049180327
1 0.322765625 0.2829742388758782 0.16684375 0.27592505854800936
28 0.37776562500000005 0.22604215456674473 0.06278125 0.05423887587822014
57 0.48628906250000004 0.541744730679157 0.044078125 0.009765807962529275
1 0.51953125 0.297423887587822 0.9578125000000001 0.29508196721311475
57 0.43125 0.594847775175644 0.45 0.34192037470725994
